0.268575 0.000000 0.000000
0.268575 0.000000 0.000000
0.256873 -0.040160 2.619827
0.252270 -0.056014 3.932768
0.252270 -0.056014 3.932768
0.241750 -0.101801 6.578097
0.241750 -0.101801 6.578097
0.229637 -0.138188 9.249096
0.229637 -0.138188 9.249096
0.215032 -0.181515 11.936824
0.215032 -0.181515 11.936824
0.175237 -0.226015 14.614677
0.175237 -0.226015 14.614677
0.158845 -0.270260 17.324690
0.158845 -0.270260 17.324690
0.158845 -0.270260 17.324690
0.151876 -0.329871 21.398647
0.151876 -0.329871 21.398647
0.128967 -0.367956 24.128420
0.128967 -0.367956 24.128420
0.128967 -0.367956 24.128420
0.129743 -0.419207 28.279451
0.129743 -0.419207 28.279451
0.119378 -0.454712 31.020435
0.119378 -0.454712 31.020435
0.099955 -0.502601 33.759289
0.099955 -0.502601 33.759289
0.078422 -0.548790 36.543392
0.078422 -0.548790 36.543392
0.064720 -0.604914 39.336693
0.064720 -0.604914 39.336693
0.046842 -0.648417 42.138660
0.046842 -0.648417 42.138660
0.025884 -0.692629 44.931557
0.025884 -0.692629 44.931557
0.021064 -0.735236 47.746502
0.021064 -0.735236 47.746502
0.004810 -0.778591 50.591095
0.004810 -0.778591 50.591095
-0.021016 -0.816785 53.421680
-0.021016 -0.816785 53.421680
-0.039862 -0.854259 56.309734
-0.039862 -0.854259 56.309734
-0.067023 -0.892129 59.141903
-0.067023 -0.892129 59.141903
-0.092615 -0.926723 61.991394
-0.092615 -0.926723 61.991394
-0.118789 -0.972632 64.766190
-0.118789 -0.972632 64.766190
-0.130255 -1.013069 67.573578
-0.130255 -1.013069 67.573578
-0.148788 -1.050207 70.434860
-0.148788 -1.050207 70.434860
-0.175384 -1.088283 73.200279
-0.175384 -1.088283 73.200279
-0.185548 -1.122561 75.986618
-0.189398 -1.134814 77.399773
-0.189398 -1.134814 77.399773
-0.207780 -1.169467 80.151627
-0.207780 -1.169467 80.151627
-0.209707 -1.202529 82.909332
-0.209433 -1.218630 84.286682
-0.228436 -1.233338 85.638260
-0.228436 -1.233338 85.638260
-0.240161 -1.281352 88.383316
-0.209433 -1.218630 84.286682
-0.276298 -1.311797 91.127090
-0.276298 -1.311797 91.127090
-0.291126 -1.348414 93.822128
-0.291126 -1.348414 93.822128
-0.313841 -1.373567 96.561668
-0.313841 -1.373567 96.561668
-0.341789 -1.412908 99.243942
-0.341789 -1.412908 99.243942
-0.376575 -1.449103 101.922333
-0.376575 -1.449103 101.922333
-0.406687 -1.478113 104.564980
-0.406687 -1.478113 104.564980
-0.426555 -1.520443 107.209442
-0.426555 -1.520443 107.209442
-0.439185 -1.551658 109.863144
-0.439185 -1.551658 109.863144
-0.467019 -1.590468 112.501747
-0.467019 -1.590468 112.501747
-0.488132 -1.633339 115.136528
-0.488132 -1.633339 115.136528
-0.494139 -1.669559 117.824501
-0.488132 -1.633339 115.136528
-0.495127 -1.693934 120.487495
-0.495127 -1.693934 120.487495
-0.495521 -1.728711 123.160919
-0.495127 -1.693934 120.487495
-0.486283 -1.770130 125.838440
-0.486283 -1.770130 125.838440
-0.469624 -1.807993 128.539993
-0.486283 -1.770130 125.838440
-0.454343 -1.837663 131.231842
-0.454343 -1.837663 131.231842
-0.428422 -1.868863 133.979187
-0.454343 -1.837663 131.231842
-0.409327 -1.899375 136.663239
-0.409327 -1.899375 136.663239
-0.398406 -1.934952 139.352905
-0.409327 -1.899375 136.663239
-0.390089 -1.965252 142.029022
-0.390089 -1.965252 142.029022
-0.386201 -2.004786 144.699799
-0.390089 -1.965252 142.029022
-0.375188 -2.042223 147.400864
-0.375188 -2.042223 147.400864
-0.350308 -2.071087 150.086533
-0.350308 -2.071087 150.086533
-0.367248 -2.124582 152.724960
-0.367248 -2.124582 152.724960
-0.369541 -2.166653 155.439484
-0.369541 -2.166653 155.439484
-0.369541 -2.166653 155.439484
-0.349678 -2.220551 159.482086
-0.349678 -2.220551 159.482086
-0.349678 -2.220551 159.482086
-0.365326 -2.277317 163.539154
-0.365326 -2.277317 163.539154
-0.365731 -2.319638 166.249908
-0.365731 -2.319638 166.249908
-0.350329 -2.359817 168.993622
-0.350329 -2.359817 168.993622
-0.354575 -2.415712 171.710922
-0.355924 -2.445232 173.078171
-0.359939 -2.467593 174.433044
-0.359939 -2.467593 174.433044
-0.362720 -2.508941 177.163666
-0.362720 -2.508941 177.163666
-0.359418 -2.549920 179.941437
-0.359418 -2.549920 179.941437
-0.364498 -2.608644 182.741638
-0.374929 -2.639324 184.137894
-0.393239 -2.672156 185.518997
-0.394425 -2.697937 186.921692
-0.397196 -2.712559 188.350845
-0.394425 -2.697937 186.921692
-0.395349 -2.757882 191.240005
-0.395349 -2.757882 191.240005
-0.399023 -2.801122 194.091034
-0.395349 -2.757882 191.240005
-0.390675 -2.841461 196.976593
-0.390675 -2.841461 196.976593
-0.397912 -2.881494 199.851318
-0.415819 -2.914280 201.301514
-0.415819 -2.914280 201.301514
-0.432408 -2.972889 204.189804
-0.415819 -2.914280 201.301514
-0.432408 -2.972889 204.189804
-0.431682 -3.030882 208.517349
-0.431682 -3.030882 208.517349
-0.431682 -3.030882 208.517349
-0.429576 -3.105375 212.907120
-0.429576 -3.105375 212.907120
-0.443650 -3.153190 215.831665
-0.443650 -3.153190 215.831665
-0.447964 -3.203153 218.754135
-0.455249 -3.227505 220.235245
-0.455249 -3.227505 220.235245
-0.462509 -3.284842 223.187302
-0.455249 -3.227505 220.235245
-0.484911 -3.332454 226.143494
-0.484911 -3.332454 226.143494
-0.500278 -3.387608 229.134888
-0.484911 -3.332454 226.143494
-0.527184 -3.437774 232.123901
-0.527184 -3.437774 232.123901
-0.547372 -3.498247 235.125107
-0.552860 -3.525723 236.630096
-0.552860 -3.525723 236.630096
-0.573256 -3.578871 239.636917
-0.573256 -3.578871 239.636917
-0.575866 -3.630888 242.628403
-0.575866 -3.630888 242.628403
-0.561519 -3.683481 245.692688
-0.552005 -3.710793 247.232391
-0.555443 -3.735005 248.765091
-0.555443 -3.735005 248.765091
-0.551087 -3.783448 251.822708
-0.551087 -3.783448 251.822708
-0.557846 -3.835949 254.897690
-0.557846 -3.835949 254.897690
-0.557846 -3.835949 254.897690
-0.557457 -3.899222 259.539154
-0.557457 -3.899222 259.539154
-0.565468 -3.955946 262.613220
-0.565468 -3.955946 262.613220
-0.584415 -3.999024 265.642395
-0.584415 -3.999024 265.642395
-0.564269 -4.033804 268.728699
-0.584415 -3.999024 265.642395
-0.552646 -4.081408 271.828278
-0.552646 -4.081408 271.828278
-0.533283 -4.131069 274.894989
-0.533283 -4.131069 274.894989
-0.496887 -4.192219 277.961243
-0.496887 -4.192219 277.961243
-0.447418 -4.250536 281.095062
-0.429501 -4.268777 282.678497
-0.414671 -4.289630 284.249054
-0.414671 -4.289630 284.249054
-0.366193 -4.342376 287.397888
-0.350845 -4.368473 288.967072
-0.334300 -4.394353 290.533478
-0.319096 -4.418546 292.084473
-0.310591 -4.449957 293.650696
-0.295521 -4.477374 295.234100
-0.286875 -4.510190 296.798035
-0.280533 -4.538947 298.363159
-0.275562 -4.561404 299.945953
-0.262656 -4.583538 301.531128
-0.280533 -4.538947 298.363159
-0.246964 -4.633388 304.700562
-0.231558 -4.661950 306.293762
-0.214046 -4.683416 307.889496
-0.202298 -4.710298 309.491974
-0.202298 -4.710298 309.491974
-0.194174 -4.766495 312.713196
-0.194174 -4.766495 312.713196
-0.175974 -4.821586 316.008331
-0.175974 -4.821586 316.008331
-0.165794 -4.859007 319.260345
-0.175974 -4.821586 316.008331
-0.184009 -4.905663 322.468781
-0.169895 -4.929407 324.099701
-0.169895 -4.929407 324.099701
-0.139945 -4.984091 327.346283
-0.139945 -4.984091 327.346283
-0.124673 -5.037708 330.585907
-0.105420 -5.061415 332.222107
-0.105420 -5.061415 332.222107
-0.098144 -5.119283 335.460144
-0.089104 -5.146022 337.078857
-0.089104 -5.146022 337.078857
-0.080739 -5.207359 340.282806
-0.080739 -5.207359 340.282806
-0.079640 -5.259643 343.481903
-0.081940 -5.281170 345.067322
-0.080412 -5.304636 346.651001
-0.080412 -5.304636 346.651001
-0.105442 -5.352099 349.837677
-0.105340 -5.376251 351.435486
-0.112943 -5.403563 353.032684
-0.120010 -5.430130 354.629883
-0.120010 -5.430130 354.629883
-0.137836 -5.491801 357.830536
-0.141529 -5.520287 359.399994
-0.137836 -5.491801 357.830536
-0.151053 -5.578655 362.593384
-0.153324 -5.610001 364.209351
-0.153324 -5.610001 364.209351
-0.166744 -5.665247 367.401886
-0.166744 -5.665247 367.401886
-0.191786 -5.728905 370.610687
-0.191786 -5.728905 370.610687
-0.200265 -5.778077 373.830872
-0.200265 -5.778077 373.830872
-0.221036 -5.830953 377.030365
-0.221036 -5.830953 377.030365
-0.224801 -5.889982 380.300049
-0.224801 -5.889982 380.300049
-0.239850 -5.950096 383.539032
-0.239850 -5.950096 383.539032
-0.230035 -6.003590 386.773346
-0.230035 -6.003590 386.773346
-0.231898 -6.060451 390.018280
-0.231898 -6.060451 390.018280
-0.216159 -6.119240 393.284546
